2688,4
2688,3
2688,2
2688,1
2688,0
2687,4
2687,3
2687,2
2687,1
2687,0
2686,5
2686,4
2686,3
2686,2
2686,1
2686,0
2685,4
2685,3
2685,2
2685,1
2685,0
2684,5
2684,4
2684,3
2684,2
2684,1
2684,0
2683,4
2683,3
2683,2
2683,1
2683,0
2682,6
2682,5
2682,4
2682,3
2682,2
2682,1
2682,0
2681,5
2681,4
2681,3
2681,2
2681,1
2681,0
2680,4
2680,3
2680,2
2680,1
2680,0
2679,6
2679,5
2679,4
2679,3
2679,2
2679,1
2679,0
2678,3
2678,2
2678,1
2678,0
2677,3
2677,2
2677,1
2677,0
2676,3
2676,2
2676,1
2676,0
2675,3
2675,2
2675,1
2675,0
2674,3
2674,2
2674,1
2674,0
2673,5
2673,4
2673,3
2673,2
2673,1
2673,0
2672,4
2672,3
2672,2
2672,1
2672,0
2671,6
2671,5
2671,4
2671,3
2671,2
2671,1
2671,0
2670,3
2670,2
2670,1
2670,0
2669,3
2669,2
2669,1
2669,0
2668,3
2668,2
2668,1
2668,0
2667,3
2667,2
2667,1
2667,0
2666,3
2666,2
2666,1
2666,0
2665,4
2665,3
2665,2
2665,1
2665,0
2664,4
2664,3
2664,2
2664,1
2664,0
2663,5
2663,4
2663,3
2663,2
2663,1
2663,0
2661,5
2661,4
2661,3
2661,2
2661,1
2661,0
2659,6
2659,5
2659,4
2659,3
2659,2
2659,1
2659,0
2656,6
2656,5
2656,4
2656,3
2656,2
2656,1
2656,0
7,3
6,6
6,5
6,4
6,3
6,2
5,3
5,2
4,3
4,2
3,2
3,0
2,2
2,0
1,2
1,0
0,9
1,45
3,44
2,44
1,44
3,43
2,43
1,43
3,42
2,42
1,42
3,41
2,41
1,41
3,40
2,40
1,40
3,39
2,39
1,39
3,38
2,38
1,38
3,37
2,37
1,37
3,36
2,36
1,36
3,35
2,35
1,35
3,34
2,34
1,34
3,33
2,33
1,33
3,32
2,32
1,32
3,31
2,31
1,31
3,30
2,30
1,30
3,29
2,29
1,29
3,28
2,28
1,28
3,27
2,27
1,27
3,26
2,26
1,26
3,25
2,25
1,25
3,24
2,24
1,24
3,23
2,23
1,23
3,22
2,22
1,22
3,21
2,21
1,21
3,20
2,20
1,20
3,19
2,19
1,19
3,18
2,18
1,18
3,17
2,17
1,17
3,16
2,16
1,16
3,15
2,15
1,15
3,14
2,14
1,14
3,13
2,13
1,13
3,12
2,12
1,12
3,11
2,11
1,11
3,10
2,10
1,10
3,9
2,9
1,9
3,8
2,8
1,8
3,7
2,7
1,7
3,6
2,6
1,6
3,5
2,5
1,5
3,4
2,4
1,4
3,3
2,3
1,3
0,6
0,47
0,46
0,49
0,48
0,45
0,12
0,10
0,8
0,11
0,5
0,7
0,4
0,3
